              precision    recall  f1-score   support

           1       0.67      0.82      0.74    101861
           2       0.74      0.75      0.74    450866
           3       0.85      0.79      0.82    816313
           4       0.75      0.79      0.77    635697
           5       0.74      0.73      0.74    323267
           6       0.77      0.73      0.75    113212

    accuracy                           0.77   2441216
   macro avg       0.75      0.77      0.76   2441216
weighted avg       0.78      0.77      0.77   2441216
